/*--------------------------------*- C++ -*----------------------------------*\
| =========                 |                                                 |
| \\      /  F ield         | OpenFOAM: The Open Source CFD Toolbox           |
|  \\    /   O peration     | Version:  2512                                  |
|   \\  /    A nd           | Website:  www.openfoam.com                      |
|    \\/     M anipulation  |                                                 |
\*---------------------------------------------------------------------------*/
FoamFile
{
    version     2.0;
    format      ascii;
    arch        "LSB;label=32;scalar=64";
    class       pointVectorField;
    location    "0";
    object      pointDisplacement;
}
// * * * * * * * * * * * * * * * * * * * * * * * * * * * * * * * * * * * * * //

dimensions      [0 1 0 0 0 0 0];

internalField   uniform (0 0 0);

boundaryField
{
    inlet
    {
        type            fixedValue;
        value           uniform (0 0 0);
    }
    outlet
    {
        type            fixedValue;
        value           uniform (0 0 0);
    }
    bottom
    {
        type            fixedValue;
        value           uniform (0 0 0);
    }
    top
    {
        type            fixedValue;
        value           uniform (0 0 0);
    }
    Mok
    {
        type            fixedValue;
        value           nonuniform List<vector> 
164
(
(0 0 0)
(3.17905811474e-10 3.31156320339e-10 0)
(3.17905811474e-10 3.31156320339e-10 0)
(0 0 0)
(1.2163318109e-09 9.78868182697e-10 0)
(1.2163318109e-09 9.78868182697e-10 0)
(2.71387012498e-09 1.56805896763e-09 0)
(2.71387012498e-09 1.56805896763e-09 0)
(4.8297930122e-09 2.07557627279e-09 0)
(4.8297930122e-09 2.07557627279e-09 0)
(7.47206189228e-09 2.50348197837e-09 0)
(7.47206189228e-09 2.50348197837e-09 0)
(1.23918666522e-08 2.97965304525e-09 0)
(1.23918666522e-08 2.97965304525e-09 0)
(1.78406128416e-08 3.36216483452e-09 0)
(1.78406128416e-08 3.36216483452e-09 0)
(2.19012118356e-08 3.54005841986e-09 0)
(2.19012118356e-08 3.54005841986e-09 0)
(2.61671878202e-08 3.66686764989e-09 0)
(2.61671878202e-08 3.66686764989e-09 0)
(3.2872404374e-08 3.74400110995e-09 0)
(3.2872404374e-08 3.74400110995e-09 0)
(3.97133535759e-08 3.75539168501e-09 0)
(3.97133535759e-08 3.75539168501e-09 0)
(4.66584599988e-08 3.66739580506e-09 0)
(4.66584599988e-08 3.66739580506e-09 0)
(5.35845537299e-08 3.53812605459e-09 0)
(5.35845537299e-08 3.53812605459e-09 0)
(6.03564621111e-08 3.33311140858e-09 0)
(6.03564621111e-08 3.33311140858e-09 0)
(6.91076002609e-08 3.01188675724e-09 0)
(6.91076002609e-08 3.01188675724e-09 0)
(7.54275610723e-08 2.74110453994e-09 0)
(7.54275610723e-08 2.74110453994e-09 0)
(8.13500580973e-08 2.44500588436e-09 0)
(8.13500580973e-08 2.44500588436e-09 0)
(8.88019331967e-08 2.02859768148e-09 0)
(8.88019331967e-08 2.02859768148e-09 0)
(9.56469877817e-08 1.59577507314e-09 0)
(9.56469877817e-08 1.59577507314e-09 0)
(1.03238174257e-07 1.03405150252e-09 0)
(1.03238174257e-07 1.03405150252e-09 0)
(1.10067004712e-07 4.84982581073e-10 0)
(1.10067004712e-07 4.84982581073e-10 0)
(1.14797616394e-07 8.59941641245e-11 0)
(1.14797616394e-07 8.59941641245e-11 0)
(1.19842696631e-07 -4.12518361756e-10 0)
(1.19842696631e-07 -4.12518361756e-10 0)
(1.24237988808e-07 -8.8197951536e-10 0)
(1.24237988808e-07 -8.8197951536e-10 0)
(1.27768607582e-07 -1.29685242178e-09 0)
(1.27768607582e-07 -1.29685242178e-09 0)
(1.31303583993e-07 -1.74882315046e-09 0)
(1.31303583993e-07 -1.74882315046e-09 0)
(1.34220718233e-07 -2.10840404752e-09 0)
(1.34220718233e-07 -2.10840404752e-09 0)
(1.36777941483e-07 -2.38962686595e-09 0)
(1.36777941483e-07 -2.38962686595e-09 0)
(1.39509280928e-07 -2.69933797829e-09 0)
(1.39509280928e-07 -2.69933797829e-09 0)
(1.42055794342e-07 -3.00787121958e-09 0)
(1.42055794342e-07 -3.00787121958e-09 0)
(1.44250427505e-07 -3.34455107641e-09 0)
(1.44250427505e-07 -3.34455107641e-09 0)
(1.46073263069e-07 -3.70265972578e-09 0)
(1.46073263069e-07 -3.70265972578e-09 0)
(1.47276373289e-07 -4.07971198767e-09 0)
(1.47276373289e-07 -4.07971198767e-09 0)
(1.47957624731e-07 -4.54048718352e-09 0)
(1.47957624731e-07 -4.54048718352e-09 0)
(1.47727943885e-07 -5.06869460081e-09 0)
(1.47727943885e-07 -5.06869460081e-09 0)
(1.46666687461e-07 -5.57027156928e-09 0)
(1.46666687461e-07 -5.57027156928e-09 0)
(1.44693329682e-07 -6.02427005659e-09 0)
(1.44693329682e-07 -6.02427005659e-09 0)
(1.41817497894e-07 -6.49266044703e-09 0)
(1.41817497894e-07 -6.49266044703e-09 0)
(1.38458461562e-07 -6.89374571803e-09 0)
(1.38458461562e-07 -6.89374571803e-09 0)
(1.35248547751e-07 -6.90898071794e-09 0)
(1.35248547751e-07 -6.90898071794e-09 0)
(1.34570593669e-07 -6.18027786535e-09 0)
(1.34570593669e-07 -6.18027786535e-09 0)
(0 0 0)
(0 0 0)
(2.5326382739e-10 -4.04882014687e-10 0)
(2.5326382739e-10 -4.04882014687e-10 0)
(1.08211556616e-09 -1.19657436532e-09 0)
(1.08211556616e-09 -1.19657436532e-09 0)
(2.56975226174e-09 -1.91923717637e-09 0)
(2.56975226174e-09 -1.91923717637e-09 0)
(4.67202640993e-09 -2.55111593211e-09 0)
(4.67202640993e-09 -2.55111593211e-09 0)
(7.29708454348e-09 -3.11128275401e-09 0)
(7.29708454348e-09 -3.11128275401e-09 0)
(1.2202320188e-08 -3.80568494987e-09 0)
(1.2202320188e-08 -3.80568494987e-09 0)
(1.76398179774e-08 -4.39974439312e-09 0)
(1.76398179774e-08 -4.39974439312e-09 0)
(2.16873280921e-08 -4.69236914429e-09 0)
(2.16873280921e-08 -4.69236914429e-09 0)
(2.59354133817e-08 -4.93082999363e-09 0)
(2.59354133817e-08 -4.93082999363e-09 0)
(3.26194768595e-08 -5.19902563923e-09 0)
(3.26194768595e-08 -5.19902563923e-09 0)
(3.94403953769e-08 -5.41148483264e-09 0)
(3.94403953769e-08 -5.41148483264e-09 0)
(4.63678226894e-08 -5.5149544665e-09 0)
(4.63678226894e-08 -5.5149544665e-09 0)
(5.32750456148e-08 -5.57242143707e-09 0)
(5.32750456148e-08 -5.57242143707e-09 0)
(6.00243365321e-08 -5.56338853049e-09 0)
(6.00243365321e-08 -5.56338853049e-09 0)
(6.87554737259e-08 -5.49309838404e-09 0)
(6.87554737259e-08 -5.49309838404e-09 0)
(7.50567114973e-08 -5.40275674673e-09 0)
(7.50567114973e-08 -5.40275674673e-09 0)
(8.09532163483e-08 -5.27878230914e-09 0)
(8.09532163483e-08 -5.27878230914e-09 0)
(8.83780187365e-08 -5.10450083587e-09 0)
(8.83780187365e-08 -5.10450083587e-09 0)
(9.51928862628e-08 -4.92557128461e-09 0)
(9.51928862628e-08 -4.92557128461e-09 0)
(1.02753214858e-07 -4.72517127959e-09 0)
(1.02753214858e-07 -4.72517127959e-09 0)
(1.09560206321e-07 -4.52659613841e-09 0)
(1.09560206321e-07 -4.52659613841e-09 0)
(1.1426168242e-07 -4.35057375668e-09 0)
(1.1426168242e-07 -4.35057375668e-09 0)
(1.19271967784e-07 -4.17997160588e-09 0)
(1.19271967784e-07 -4.17997160588e-09 0)
(1.23635681936e-07 -4.02787854424e-09 0)
(1.23635681936e-07 -4.02787854424e-09 0)
(1.27124559703e-07 -3.91852222776e-09 0)
(1.27124559703e-07 -3.91852222776e-09 0)
(1.30616111736e-07 -3.87561156286e-09 0)
(1.30616111736e-07 -3.87561156286e-09 0)
(1.33497698762e-07 -3.91253234174e-09 0)
(1.33497698762e-07 -3.91253234174e-09 0)
(1.36019276831e-07 -4.01367263701e-09 0)
(1.36019276831e-07 -4.01367263701e-09 0)
(1.38710258339e-07 -4.19468044387e-09 0)
(1.38710258339e-07 -4.19468044387e-09 0)
(1.41213179671e-07 -4.36024522195e-09 0)
(1.41213179671e-07 -4.36024522195e-09 0)
(1.43363122404e-07 -4.48053743315e-09 0)
(1.43363122404e-07 -4.48053743315e-09 0)
(1.4513967378e-07 -4.56161500634e-09 0)
(1.4513967378e-07 -4.56161500634e-09 0)
(1.46293772823e-07 -4.60512529232e-09 0)
(1.46293772823e-07 -4.60512529232e-09 0)
(1.46923923257e-07 -4.66878366447e-09 0)
(1.46923923257e-07 -4.66878366447e-09 0)
(1.46641368816e-07 -4.76733998587e-09 0)
(1.46641368816e-07 -4.76733998587e-09 0)
(1.45524702862e-07 -4.87168411188e-09 0)
(1.45524702862e-07 -4.87168411188e-09 0)
(1.43493542506e-07 -5.00220213272e-09 0)
(1.43493542506e-07 -5.00220213272e-09 0)
(1.40557251386e-07 -5.21897895532e-09 0)
(1.40557251386e-07 -5.21897895532e-09 0)
(1.37134868001e-07 -5.48023382227e-09 0)
(1.37134868001e-07 -5.48023382227e-09 0)
)
;
    }
    frontAndBack
    {
        type            empty;
    }
}


// ************************************************************************* //
