/*--------------------------------*- C++ -*----------------------------------*\
| =========                 |                                                 |
| \\      /  F ield         | OpenFOAM: The Open Source CFD Toolbox           |
|  \\    /   O peration     | Version:  2512                                  |
|   \\  /    A nd           | Website:  www.openfoam.com                      |
|    \\/     M anipulation  |                                                 |
\*---------------------------------------------------------------------------*/
FoamFile
{
    version     2.0;
    format      ascii;
    arch        "LSB;label=32;scalar=64";
    class       pointVectorField;
    location    "0";
    object      pointDisplacement;
}
// * * * * * * * * * * * * * * * * * * * * * * * * * * * * * * * * * * * * * //

dimensions      [0 1 0 0 0 0 0];

internalField   uniform (0 0 0);

boundaryField
{
    front
    {
        type            empty;
    }
    back
    {
        type            empty;
    }
    inlet
    {
        type            fixedValue;
        value           uniform (0 0 0);
    }
    outlet
    {
        type            fixedValue;
        value           uniform (0 0 0);
    }
    top
    {
        type            slip;
    }
    bottom
    {
        type            slip;
    }
    flap
    {
        type            fixedValue;
        value           nonuniform List<vector> 
182
(
(2.1983253436e-09 9.2810709569e-09 0)
(2.1983253436e-09 9.2810709569e-09 0)
(2.22623882777e-09 1.08450312959e-08 0)
(2.22623882777e-09 1.08450312959e-08 0)
(1.8797966073e-09 1.33433724156e-08 0)
(1.8797966073e-09 1.33433724156e-08 0)
(1.24521507232e-09 1.51640670129e-08 0)
(1.24521507232e-09 1.51640670129e-08 0)
(7.98300690316e-10 1.62699006449e-08 0)
(7.98300690316e-10 1.62699006449e-08 0)
(1.09078827375e-09 1.76522679246e-08 0)
(1.09078827375e-09 1.76522679246e-08 0)
(1.26347792243e-09 1.97266861667e-08 0)
(1.26347792243e-09 1.97266861667e-08 0)
(1.14700417997e-09 2.03249118846e-08 0)
(1.14700417997e-09 2.03249118846e-08 0)
(1.85065423342e-09 2.14163015874e-08 0)
(1.85065423342e-09 2.14163015874e-08 0)
(2.2204529176e-09 2.42769718724e-08 0)
(2.2204529176e-09 2.42769718724e-08 0)
(2.28706618503e-09 2.68784270249e-08 0)
(2.28706618503e-09 2.68784270249e-08 0)
(2.7069566204e-09 2.79758966637e-08 0)
(2.7069566204e-09 2.79758966637e-08 0)
(2.59026888877e-09 2.78166898008e-08 0)
(2.59026888877e-09 2.78166898008e-08 0)
(2.4885770501e-09 2.76020507613e-08 0)
(2.4885770501e-09 2.76020507613e-08 0)
(2.68225905352e-09 2.7835715641e-08 0)
(2.68225905352e-09 2.7835715641e-08 0)
(2.63481252865e-09 2.76214748265e-08 0)
(2.63481252865e-09 2.76214748265e-08 0)
(2.80746016759e-09 2.69644077699e-08 0)
(2.80746016759e-09 2.69644077699e-08 0)
(2.63575197812e-09 2.67660338663e-08 0)
(2.63575197812e-09 2.67660338663e-08 0)
(2.4422703582e-09 2.65805431025e-08 0)
(2.4422703582e-09 2.65805431025e-08 0)
(2.54344277151e-09 2.68329104518e-08 0)
(2.54344277151e-09 2.68329104518e-08 0)
(2.40518313487e-09 2.66461135659e-08 0)
(2.40518313487e-09 2.66461135659e-08 0)
(2.49059383914e-09 2.60270625236e-08 0)
(2.49059383914e-09 2.60270625236e-08 0)
(2.27826624477e-09 2.58528338535e-08 0)
(2.27826624477e-09 2.58528338535e-08 0)
(2.04739054498e-09 2.56762717653e-08 0)
(2.04739054498e-09 2.56762717653e-08 0)
(2.11904500293e-09 2.59260235622e-08 0)
(2.11904500293e-09 2.59260235622e-08 0)
(1.95726947053e-09 2.57646889804e-08 0)
(1.95726947053e-09 2.57646889804e-08 0)
(1.98802888623e-09 2.51792935732e-08 0)
(1.98802888623e-09 2.51792935732e-08 0)
(1.74293707193e-09 2.50261106084e-08 0)
(1.74293707193e-09 2.50261106084e-08 0)
(1.40275890157e-09 2.48694267136e-08 0)
(1.40275890157e-09 2.48694267136e-08 0)
(1.05589731496e-09 2.46774145736e-08 0)
(1.05589731496e-09 2.46774145736e-08 0)
(7.44557131149e-10 2.44824325171e-08 0)
(7.44557131149e-10 2.44824325171e-08 0)
(6.53464229557e-10 2.4707126053e-08 0)
(6.53464229557e-10 2.4707126053e-08 0)
(3.24960916961e-10 2.45313741825e-08 0)
(3.24960916961e-10 2.45313741825e-08 0)
(1.27799196578e-10 2.3927967104e-08 0)
(1.27799196578e-10 2.3927967104e-08 0)
(-4.32250800171e-10 2.37188776394e-08 0)
(-4.32250800171e-10 2.37188776394e-08 0)
(-1.10924016211e-09 2.350998575e-08 0)
(-1.10924016211e-09 2.350998575e-08 0)
(-1.62822492012e-09 2.36617785766e-08 0)
(-1.62822492012e-09 2.36617785766e-08 0)
(-2.43155202942e-09 2.34156797846e-08 0)
(-2.43155202942e-09 2.34156797846e-08 0)
(-3.33503414046e-09 2.27350567598e-08 0)
(-3.33503414046e-09 2.27350567598e-08 0)
(-4.73859222221e-09 2.24022766835e-08 0)
(-4.73859222221e-09 2.24022766835e-08 0)
(-6.5160986548e-09 2.20153545413e-08 0)
(-6.5160986548e-09 2.20153545413e-08 0)
(-8.45790982653e-09 2.19222857099e-08 0)
(-8.45790982653e-09 2.19222857099e-08 0)
(-1.08395055036e-08 2.12761985959e-08 0)
(-1.08395055036e-08 2.12761985959e-08 0)
(-1.23215327975e-08 2.01485535566e-08 0)
(-1.23215327975e-08 2.01485535566e-08 0)
(-2.49717619973e-08 1.16417885538e-08 0)
(-2.49717619973e-08 1.16417885538e-08 0)
(-3.74346120302e-08 -1.02760832448e-10 0)
(-3.74346120302e-08 -1.02760832448e-10 0)
(-2.49818712699e-08 -1.18576898021e-08 0)
(-2.49818712699e-08 -1.18576898021e-08 0)
(2.30767272247e-09 -2.74119187343e-08 0)
(2.7189212479e-09 -2.85184531167e-08 0)
(2.7189212479e-09 -2.85184531167e-08 0)
(2.30767272247e-09 -2.74119187343e-08 0)
(2.59756907665e-09 -2.83620964043e-08 0)
(2.59756907665e-09 -2.83620964043e-08 0)
(2.49404132411e-09 -2.81497472176e-08 0)
(2.49404132411e-09 -2.81497472176e-08 0)
(2.68623300438e-09 -2.83866481536e-08 0)
(2.68623300438e-09 -2.83866481536e-08 0)
(2.63609353781e-09 -2.81719842756e-08 0)
(2.63609353781e-09 -2.81719842756e-08 0)
(2.80838498866e-09 -2.75110070207e-08 0)
(2.80838498866e-09 -2.75110070207e-08 0)
(2.63731535355e-09 -2.73105329319e-08 0)
(2.63731535355e-09 -2.73105329319e-08 0)
(2.4444154753e-09 -2.71252913209e-08 0)
(2.4444154753e-09 -2.71252913209e-08 0)
(2.5451167582e-09 -2.73795095061e-08 0)
(2.5451167582e-09 -2.73795095061e-08 0)
(2.40420021247e-09 -2.71909486425e-08 0)
(2.40420021247e-09 -2.71909486425e-08 0)
(2.48889045267e-09 -2.65659890003e-08 0)
(2.48889045267e-09 -2.65659890003e-08 0)
(2.27673093158e-09 -2.63871283165e-08 0)
(2.27673093158e-09 -2.63871283165e-08 0)
(2.0458842923e-09 -2.62075681811e-08 0)
(2.0458842923e-09 -2.62075681811e-08 0)
(2.11656765527e-09 -2.64553749688e-08 0)
(2.11656765527e-09 -2.64553749688e-08 0)
(1.95174682233e-09 -2.62884948175e-08 0)
(1.95174682233e-09 -2.62884948175e-08 0)
(1.98128429942e-09 -2.56924667359e-08 0)
(1.98128429942e-09 -2.56924667359e-08 0)
(1.73604791256e-09 -2.55292905825e-08 0)
(1.73604791256e-09 -2.55292905825e-08 0)
(1.39623884522e-09 -2.53635472439e-08 0)
(1.39623884522e-09 -2.53635472439e-08 0)
(1.04973691771e-09 -2.51631829629e-08 0)
(1.04973691771e-09 -2.51631829629e-08 0)
(7.38112830611e-10 -2.49605831192e-08 0)
(7.38112830611e-10 -2.49605831192e-08 0)
(6.4571374583e-10 -2.51779955557e-08 0)
(6.4571374583e-10 -2.51779955557e-08 0)
(3.14173272261e-10 -2.49918615697e-08 0)
(3.14173272261e-10 -2.49918615697e-08 0)
(1.15623854729e-10 -2.4372634749e-08 0)
(1.15623854729e-10 -2.4372634749e-08 0)
(-4.45014790747e-10 -2.41481158613e-08 0)
(-4.45014790747e-10 -2.41481158613e-08 0)
(-1.1226793236e-09 -2.39243057294e-08 0)
(-1.1226793236e-09 -2.39243057294e-08 0)
(-1.64311695395e-09 -2.40612145619e-08 0)
(-1.64311695395e-09 -2.40612145619e-08 0)
(-2.44941865145e-09 -2.37980827045e-08 0)
(-2.44941865145e-09 -2.37980827045e-08 0)
(-3.35458699666e-09 -2.30940772258e-08 0)
(-3.35458699666e-09 -2.30940772258e-08 0)
(-4.75889253413e-09 -2.27373910129e-08 0)
(-4.75889253413e-09 -2.27373910129e-08 0)
(-6.5364147767e-09 -2.23261254795e-08 0)
(-6.5364147767e-09 -2.23261254795e-08 0)
(-8.47764977626e-09 -2.22086862183e-08 0)
(-8.47764977626e-09 -2.22086862183e-08 0)
(-1.08583561799e-08 -2.15393600682e-08 0)
(-1.08583561799e-08 -2.15393600682e-08 0)
(-1.23364156939e-08 -2.03870784285e-08 0)
(-1.23364156939e-08 -2.03870784285e-08 0)
(2.23709971732e-09 -9.3448593249e-09 0)
(2.27624037636e-09 -1.09288506515e-08 0)
(2.27624037636e-09 -1.09288506515e-08 0)
(2.23709971732e-09 -9.3448593249e-09 0)
(1.95319625504e-09 -1.34834403094e-08 0)
(1.95319625504e-09 -1.34834403094e-08 0)
(1.33536572274e-09 -1.53743658868e-08 0)
(1.33536572274e-09 -1.53743658868e-08 0)
(8.92750045261e-10 -1.65437169038e-08 0)
(8.92750045261e-10 -1.65437169038e-08 0)
(1.18052904633e-09 -1.79937386551e-08 0)
(1.18052904633e-09 -1.79937386551e-08 0)
(1.34289982182e-09 -2.01267978331e-08 0)
(1.34289982182e-09 -2.01267978331e-08 0)
(1.21258289923e-09 -2.07661026989e-08 0)
(1.21258289923e-09 -2.07661026989e-08 0)
(1.89939263969e-09 -2.18993704169e-08 0)
(1.89939263969e-09 -2.18993704169e-08 0)
(2.25357031262e-09 -2.47923719817e-08 0)
(2.25357031262e-09 -2.47923719817e-08 0)
)
;
    }
    cylinder
    {
        type            fixedValue;
        value           uniform (0 0 0);
    }
}


// ************************************************************************* //
